SELECT c.[id],
       c.CodPsi,
	  a.RagSoc,
       ang.nome Agente,
       c.Area,
       c.Importo,
       estrazioni.dbo.udfElencoOggetti(c.archivio, c.id) Oggetti,
       c.stContr
FROM estrazioni.[dbo].[Commissioni] c
     INNER JOIN anagraf.dbo.anagrafica a on a.codice=c.codice
     INNER JOIN anagraf.dbo.agenti ag ON ag.Codagente = c.agente
                                         AND ag.gruppo = c.gruppo
     LEFT JOIN anagraf.dbo.anage ang ON ang.utente = ag.utente
WHERE stContr = 'sas'
      AND datacomm BETWEEN 20230301 AND 20230331;


---------------------------


SELECT c.[id],
       c.CodPsi,
	  a.RagSoc,
       ang.nome Agente,
       c.Area,
       c.impoannullato Importo,
       estrazioni.dbo.udfElencoOggetti(c.archivio, c.id) Oggetti,
       c.stContr,
	  c.annsostid 'A/S_da'
FROM estrazioni.[dbo].[Commissioni] c
     INNER JOIN anagraf.dbo.anagrafica a on a.codice=c.codice
     INNER JOIN anagraf.dbo.agenti ag ON ag.Codagente = c.agente
                                         AND ag.gruppo = c.gruppo
     LEFT JOIN anagraf.dbo.anage ang ON ang.utente = ag.utente
WHERE c.annsostid IN (705475,
704676,
705388,
703429,
703596,
704627,
704815,
705286,
705460,
704993,
704672,
704673,
704875,
704876,
705170,
705172,
705403,
704697,
705459,
705673,
705583,
703511,
704834,
704835,
704836,
705205,
705207,
705210,
705525,
704831,
705591,
704726,
703356,
703460,
705145,
705146,
705147,
705148,
705150,
704864,
703474,
705398,
705399,
705401,
704629,
703482,
705168,
704715,
705477,
705588,
705593,
705636,
705655,
705669,
705677,
703530,
705494,
704707,
704975,
704978,
705048,
705049,
705053,
705339,
705508,
705068,
705069,
705272,
705273,
705604,
706058,
704663,
704860,
705138,
705139,
705203,
705412,
705507,
705773,
705775,
704821,
704823,
704925,
705091,
703525,
704634,
677542,
703477,
703483,
703492,
704632,
704640,
704848,
703488,
704626,
704893,
704670,
704671,
704782,
704783,
704841,
705623,
704854,
704862,
704877,
704880,
704885,
705716,
705117,
705142,
705155,
705160,
705268,
705528,
705288,
705289,
705290,
705612,
705613,
705614,
705188,
704906,
705208,
704873,
704892,
704970,
705024,
705025,
705169,
705173,
705182,
705183,
704898,
704901,
705007,
705066,
703547,
704942,
705753,
704948,
705531,
704732,
704756,
704804,
705137,
705319,
703561,
703578,
703579,
703588,
703589,
704731,
704847,
705034,
705076,
705331,
705357,
705563,
705324,
705629,
705631,
705632,
705820,
705559,
705560,
705561,
705562,
705720,
705371,
703323,
704759,
705557,
705271,
705526,
705558,
705102,
705107,
705070,
705354,
705433,
705568,
705115,
705225,
705296,
704894,
704895,
705252,
705292,
705060,
705108,
704699,
704668,
705038,
703419,
704657,
704661,
705571,
705376,
704743,
704744,
704949,
704950,
705368,
704825,
704827,
705294,
703558,
704647,
705592,
705556,
704886,
704957,
705380,
705478,
703478,
704846,
705103,
705610,
703580,
704680,
704791,
704830,
705299,
705372,
705407,
705446,
705023,
705057,
705265,
704761,
705448,
705464,
703599,
704745,
705415,
705064,
705417,
705421,
705328,
704770,
705493,
705523,
705532,
705514,
705436,
705442,
705541,
705734)